 0.103656731  0.404033817
-0.076396649 -0.166163583
 0.423527998  0.180406315
-0.572373619 -0.208249166
 0.040519712  0.272346400
 0.012089260 -0.629835826
 0.728090378  0.265182598
 0.490603589  0.341591571
-0.079304617 -0.179003162
-0.416710990 -0.052750205
-0.405848710  0.132501953
-0.205848923  0.157572266
-0.079262041  0.541623502
-0.488823488  1.048692249
-1.312381108  0.233680029
 0.879629008 -0.082101583
 0.214277030  0.132591095
 0.265762407 -1.668800439
-0.306101043  0.067282978
 1.212333457 -0.125044431
 0.622071400 -0.166782926
-0.627404053  0.075950959
 0.189773187 -0.374225714
-0.005549192  0.694448883
 0.533238762  0.877141107
 0.003600726 -0.402170594
-0.431053581  0.563589107
-0.208187320 -0.372939258
-0.476485796  0.190918739
-0.584354969 -0.823909895
-0.698454333  0.122202804
-0.623704312 -0.088935813
 0.789021318 -0.006521251
 0.508760580 -0.233027303
 1.067471067 -0.124988515
-0.138008091 -0.789375943
-0.407124791  0.470039723
-0.734819068  0.292800839
 0.409656543 -0.278893144
-0.481339420  0.175850917
 0.550919185  1.078652738
 0.867258232  0.038917540
-0.356230535  0.301920569
 0.622194116 -0.233232169
-0.047419295 -0.651519107
 0.345696411  0.372113852
-0.498145297 -0.097077133
 0.380478932 -0.508669057
-0.458235192 -0.199401309
-0.556334172 -0.321227816
-0.342078873 -0.369564762
-0.355693520 -0.281447922
-0.212876582 -0.976051054
 0.203869965  0.152328102
-0.094796861  0.867041068
 0.055107222 -0.980332977
-0.018172983  0.464153705
-0.063393256  0.566297835
 0.704607438  0.254536330
 0.615652844 -0.100276224
-0.748717072  0.481283168
-0.223716741 -0.676822814
 0.443951967 -0.151735048
 0.648627184  0.107289651
-0.402793281  0.656103721
-0.026193830  0.269590846
 0.484835399 -0.617029401
-0.032515894 -0.150151518
-0.236982124 -0.497241173
 0.543236732  0.433945565
-0.327566883 -0.495020768
 0.246653598  0.472849715
 0.114119772 -0.149385926
 0.245543165 -0.069319064
-0.237553316  0.008557118
-0.223369712  0.363692896
-0.326053912 -0.327087371
-0.204287577 -0.337926121
-0.079716301  0.028791956
-0.347633518  0.160737301
 0.023290689 -0.273676226
-0.916061516  0.109573336
 0.672458781  0.188046985
-1.037198839  0.409094064
 0.454282641 -0.247897024
-0.140601174 -0.237156274
 0.303132520  0.821247985
 1.014513888  0.420188120
-0.133222150 -0.641318230
 0.212631868  0.262135793
 0.307400707  0.255939430
-0.566301608 -0.098118277
-0.783542733  0.592513526
 0.450112449  0.300390087
-0.762952325 -0.038206716
-0.403143523  0.434612223
-0.238678247 -0.172450511
-0.825544207  0.539291355
-0.494704978  0.149287415
-0.315576686  0.009748174
 6.366175011 -1.525487665
 6.263560076 -0.106386860
 5.578476134  0.052994986
 6.192893442  1.143739959
 5.939236642 -0.183936854
 6.130569344 -0.340216963
 6.760804736  1.287807355
 5.910401041  0.929290219
 6.425450621 -0.316876734
 7.047107144 -0.386896163
 6.152517307 -0.799330011
 6.165190393 -0.376440045
 5.451565299 -0.446917254
 6.181562556 -0.466404901
 5.755485383 -0.226908785
 6.616638774  0.414745816
 5.579306050  0.573454407
 5.482921954  0.169174271
 5.776980624 -0.403518584
 7.303094875 -0.803867561
 5.256374754 -0.890712795
 5.693889718 -0.388823474
 5.853275129  0.630868313
 6.062664862 -0.744037875
 6.297787301 -0.302246363
 5.458398934  0.480133873
 5.705189457  0.205104424
 6.221784653 -0.023754002
 5.944790314 -0.020442614
 5.954847306  0.139104467
 5.963063799 -0.411665678
 5.290635955 -0.727384061
 5.842703383 -0.180987230
 6.356202778 -0.320983580
 6.079140576 -0.360065094
 5.685114096 -0.471987906
 5.481381592  0.045572366
 6.637366219  0.415543443
 5.610603004  0.658296238
 6.184610642  0.005851997
 6.509762841 -0.427740150
 6.452458038  0.135514181
 6.082205339 -0.037123456
 5.863026778 -0.348521607
 6.164138258  0.353789460
 6.025085532 -0.400746514
 5.855158646 -0.274800247
 6.389285521 -0.340007015
 5.383303305  0.452994535
 5.832570773  0.113006537
 5.701050798  0.220943652
 6.298136605  0.515541122
 5.198451044  0.275560861
 5.222791961  0.120604046
 5.953767651  0.735824266
 5.552344555  0.261707567
 5.259351508 -0.448356475
 6.371803650 -0.296342088
 6.442092637 -0.588668244
 6.294369191 -0.602550002
 5.569343965  0.185580867
 6.758506222  0.110480771
 5.709336713 -0.060373261
 5.608347626  0.448260247
 6.371814115  0.310859400
 6.008682789 -0.238004225
 5.458171645 -0.101097126
 6.119756472  0.505938545
 6.223767200 -0.633651408
 7.005996724 -0.094426979
 5.605020524 -0.702854985
 5.842533047 -0.830592969
 6.084938069 -0.446795593
 5.434388410  0.663453589
 6.320649468  0.314423105
 6.452828419  0.550407848
 5.834496133 -0.028624512
 5.354574399 -0.333418268
 5.874666287 -0.245433647
 5.676098938 -0.285719137
 5.569170563 -0.247148725
 6.812988034 -0.148919531
 4.908241129  0.001878005
 5.514169649 -0.007533190
 6.250123033  0.121591508
 5.700226526  0.255223564
 5.488746452  1.023085446
 6.431783940  0.037582959
 5.566567884  0.144935646
 5.560914998  0.498253972
 5.615552835 -0.007999475
 5.653120031 -0.559265481
 6.861329892  0.146693991
 5.829432566  0.203743395
 6.382992904  0.392656689
 6.248261714  0.358843834
 5.738937879 -0.104796760
 5.335683662 -0.815388422
 6.134826250 -0.491480414
 5.510300810 -0.144581959
 2.998859492  6.176202090
 2.027969968  5.794080675
 3.430647877  6.635992348
 2.306036662  5.799517966
 3.774120020  6.385484978
 1.790689273  6.046969551
 3.107283171  5.734409967
 2.256093179  5.871522666
 2.737871231  6.015637288
 3.045678903  4.791839116
 2.811656734  6.140521990
 2.051533534  6.034016799
 3.092522825  6.357669647
 3.434381080  5.727850291
 3.109307023  5.811314474
 3.479300171  7.063218294
 3.365458132  6.309900427
 2.592762355  5.926898034
 2.350963226  6.335495103
 3.382964487  5.962506797
 2.333587617  5.766501837
 2.813337736  6.430725263
 2.947084376  5.805916758
 2.879623026  4.993926221
 3.393953368  6.389490317
 2.485027073  6.112382637
 3.131900129  6.011947884
 3.168103668  5.337302314
 3.129956795  6.241571509
 3.140503518  6.037337718
 2.879747039  5.809445379
 3.339546694  5.668213397
 2.212458397  5.466318039
 2.460302563  6.227018171
 2.949902045  5.878385880
 3.265518608  6.021900405
 1.953188428  6.332856789
 2.626118598  5.698528471
 3.712934986  6.109353872
 3.369348300  6.327953229
 3.904074053  6.221446121
 3.848781365  4.406925442
 2.767779344  5.881675237
 3.025418728  5.940332370
 3.270147563  6.411204177
 2.612214437  6.847660890
 2.015504833  5.855527627
 3.268569480  6.421710608
 3.638126752  5.175752378
 2.913844530  6.694592953
 2.459511502  6.499854679
 2.951898845  6.244176700
 2.931476604  6.228767006
 2.981498251  5.864488902
 2.719956547  5.736722877
 3.030594276  6.017877823
 3.064186754  5.686986347
 3.347448717  5.618261067
 2.959928601  6.164729325
 2.960438891  5.952587899
 3.889411621  6.556628276
 2.948213706  5.839081833
 2.795121352  6.135031374
 4.169722002  5.570342742
 2.669449264  5.927098751
 2.783363198  5.800692789
 2.795816918  6.640568511
 3.580024556  6.305264389
 2.825930250  7.273469782
 2.596831583  5.884568313
 3.013426472  5.834939961
 2.857716337  6.662436517
 3.550038893  6.190697672
 2.911779662  5.788101421
 3.163535397  4.978316582
 3.264603819  5.961237251
 2.760197039  5.679771798
 3.501045808  6.289773486
 2.750468403  5.893613857
 3.370142216  6.204598958
 2.967367416  6.411054979
 3.247638505  5.954057039
 2.890686852  6.355019085
 2.668159466  6.471656510
 2.832887642  4.750894719
 2.472407462  5.187346678
 2.358489675  5.721919995
 1.826396502  5.761493210
 2.715686547  6.143280259
 3.478120694  6.850746540
 3.265766041  6.330386105
 3.492005088  5.661781398
 3.083573578  5.812652686
 2.656380889  7.057652683
 2.770021212  6.363076008
 2.511137692  6.154543880
 3.042506237  5.363856775
 3.482327993  5.965130637
 2.994921947  6.446075444
 2.897271403  6.346042392
