 2.838061e-01 -1.813587e-01
 3.920668e-02  5.353813e-01
-9.262395e-01 -2.890703e-02
-6.036354e-01  2.659967e-01
 1.317230e-01 -2.999330e-01
-5.080091e-01 -9.570292e-01
-2.327563e-01 -7.396815e-01
 5.278737e-01 -1.360212e-01
 4.011169e-01 -2.585398e-01
-5.949313e-02  8.693695e-01
 6.018672e-01  6.810183e-01
-7.504288e-01  9.835128e-01
 1.432846e-01 -1.215270e+00
 1.057215e-01  2.051703e-02
 3.903086e-01  1.691244e-01
 1.441281e-01 -2.098606e-01
 3.643280e-01 -2.157943e-01
 3.115657e-01  3.505158e-01
 1.619218e-02 -1.715823e-01
 2.377273e-01  1.050382e+00
 3.564789e-01 -5.506216e-01
-4.774489e-02 -1.411035e-01
-2.103098e-01  8.722605e-03
 2.682423e-01  1.423119e-01
-1.467679e+00  5.144768e-02
-4.021480e-01  8.503574e-01
-6.480418e-02  2.184719e-01
-2.722331e-01 -3.662072e-01
 4.530630e-02  7.970295e-02
-1.828438e-01 -2.064823e-01
 3.175474e-01  4.746989e-03
 5.447173e-01 -4.430530e-01
 5.638566e-01 -4.241971e-01
-1.144398e-01  9.278870e-02
-2.385903e-01  1.006941e+00
-8.344800e-01  8.762126e-01
-9.693670e-02 -2.156597e-01
-4.678096e-01  9.385562e-01
-1.917688e-01 -8.350966e-02
-1.744087e-01 -2.327236e-01
-1.049503e+00  4.916291e-02
-1.290648e+00 -3.689073e-01
 4.648956e-01 -6.026017e-01
-3.173431e-01 -8.509854e-02
-5.168612e-01  3.654913e-02
 2.886553e-01 -4.531233e-01
 6.782792e-01  9.117188e-01
 4.174275e-01 -2.865079e-01
 3.459116e-01  5.973908e-02
-4.354084e-01  5.366848e-01
 4.471506e-01  1.192754e+00
 4.286321e-01  3.433899e-01
-1.930481e-01  9.693500e-02
 6.040027e-01  1.998109e-01
-1.066396e-01  3.807507e-01
 9.640259e-01  5.047711e-01
 4.833609e-01 -3.391742e-01
 4.358811e-01  2.898262e-01
 5.261562e-01 -8.560982e-01
 4.868639e-01 -2.717074e-01
-1.863462e-01 -6.277673e-01
 3.593897e-01  4.816361e-01
-1.204423e+00 -6.079992e-01
 4.673090e-01  2.141911e-01
-6.386335e-01 -4.261809e-03
 3.740489e-01  6.968125e-01
-1.559153e-01  5.095876e-01
 9.417702e-02  1.032161e+00
-5.315876e-01 -2.088645e-01
-5.544309e-02 -2.572699e-01
 5.799968e-01  3.351569e-01
-1.129845e-01 -1.005406e-01
-3.842625e-01 -2.977934e-02
-3.021152e-02 -3.503030e-01
 2.828896e-01 -2.349362e-02
-6.983163e-01 -9.352910e-02
 6.959739e-01  5.187025e-01
-8.791796e-01 -6.281892e-01
 1.947764e-05  6.681761e-01
 5.643383e-01 -3.385517e-02
-8.569304e-01  4.569216e-01
 7.012764e-01 -3.090277e-01
 5.004207e-01  6.131710e-02
-3.586390e-01 -6.953935e-01
 5.147425e-01 -7.712037e-02
-8.584519e-01 -4.621059e-01
 1.432931e-01  8.293324e-03
 2.052316e-01 -8.052331e-01
 1.124885e-02  3.450645e-01
 5.527689e-01 -2.206357e-01
-7.688707e-02  8.714231e-01
-7.570492e-01 -3.976897e-01
 2.774921e-01 -7.804617e-01
-1.186320e+00 -1.448922e-02
 1.783748e-01 -6.128550e-01
 4.202462e-01  5.948496e-01
 1.136921e+00 -1.668030e-01
 1.550274e-01  1.750283e-01
-1.497169e-01  1.597298e-01
-7.663367e-01 -6.966307e-01
 5.802946e+00 -1.331974e-01
 6.048352e+00  4.287527e-02
 6.041252e+00  1.569936e-01
 5.453106e+00  1.247095e+00
 6.049451e+00 -6.938927e-01
 5.410120e+00  1.821774e-01
 5.912245e+00 -6.141616e-01
 5.478205e+00 -2.948329e-01
 5.756853e+00 -2.541579e-01
 5.877283e+00  6.511757e-01
 5.938011e+00 -6.780012e-01
 5.786204e+00  9.853737e-02
 5.389240e+00  5.441766e-01
 6.138062e+00  3.736577e-01
 6.181901e+00  9.778297e-01
 6.614921e+00 -3.706610e-03
 5.956132e+00  5.396942e-01
 6.127465e+00  4.467044e-02
 6.112966e+00  8.619632e-01
 6.769545e+00 -5.180609e-01
 6.715601e+00  5.955595e-01
 5.940862e+00 -9.224673e-01
 6.038372e+00  1.452998e-01
 5.540674e+00 -3.241592e-02
 5.784955e+00  1.031850e+00
 5.954081e+00 -1.068022e-01
 6.437015e+00 -4.741839e-01
 6.007123e+00 -2.022151e-01
 6.515769e+00  5.493014e-01
 6.509368e+00  7.251454e-01
 5.610461e+00 -3.879534e-01
 5.765594e+00  4.817354e-01
 6.214986e+00  4.607703e-01
 5.800875e+00  3.467086e-01
 5.640900e+00 -5.178959e-01
 5.828517e+00 -1.532984e-02
 5.262324e+00  1.154270e-01
 5.987863e+00  5.211206e-01
 6.128884e+00 -1.038092e-01
 6.295875e+00  2.529662e-01
 7.058480e+00  5.842453e-01
 5.706234e+00 -5.030857e-01
 5.609760e+00  2.899415e-01
 6.016902e+00 -3.185515e-01
 5.476588e+00  1.518896e-01
 5.780247e+00 -4.456483e-01
 6.666776e+00 -5.838023e-01
 6.444371e+00  1.789801e-01
 6.580408e+00  3.152717e-01
 6.746094e+00  3.499819e-01
 5.592381e+00  4.207674e-01
 6.164136e+00 -2.719715e-01
 6.648339e+00 -7.005630e-02
 5.789871e+00  2.414596e-01
 5.392612e+00 -5.048240e-01
 5.589257e+00 -7.341172e-01
 6.875826e+00  1.201690e-01
 6.546349e+00 -1.091231e+00
 6.054697e+00  1.467214e-01
 6.194233e+00  4.613854e-01
 6.335159e+00  2.832884e-01
 4.615689e+00 -2.253877e-01
 6.821045e+00  4.336798e-01
 6.116808e+00  3.918652e-01
 6.721223e+00  4.375173e-01
 5.931515e+00  2.350277e-01
 5.966678e+00 -4.827630e-01
 6.451108e+00  4.812996e-01
 6.629403e+00  4.166862e-01
 6.184087e+00 -1.263476e-01
 6.015515e+00 -5.918731e-01
 6.350336e+00 -8.419633e-01
 6.414356e+00  3.050182e-01
 6.302595e+00 -4.781005e-01
 5.715770e+00 -1.041420e-01
 6.949890e+00  6.729968e-01
 6.943203e+00  8.216927e-01
 5.443837e+00  1.031059e-01
 5.367669e+00 -1.462871e-01
 5.251092e+00 -5.214213e-02
 5.716837e+00 -3.580715e-01
 6.459885e+00 -3.161710e-02
 6.893325e+00 -2.787609e-01
 5.647205e+00  5.135141e-01
 6.123245e+00 -1.538608e-01
 5.680237e+00 -5.458028e-02
 5.784297e+00 -5.340929e-02
 6.346036e+00  6.333673e-01
 5.933669e+00 -3.066339e-01
 6.638324e+00 -3.635915e-01
 5.352294e+00 -4.286258e-01
 6.159700e+00  3.678874e-01
 6.160322e+00 -2.278669e-01
 5.241124e+00  1.393754e-01
 5.074229e+00  1.626889e-01
 6.059016e+00 -3.856164e-01
 6.734287e+00  5.307445e-01
 5.040193e+00 -3.015910e-01
 6.456238e+00  3.448931e-01
 6.555243e+00 -9.670593e-02
