 0.102184013 -1.313890206
-0.367125076 -0.455035689
 0.055441584 -0.356807665
 0.016408106 -0.202755871
 0.367693217  0.784488122
 0.373368693  0.108232995
 0.490125195  0.605193032
 0.260641685 -0.059171477
 0.412580361  0.262445061
 0.325684638  0.515936972
-0.119053286  0.121749796
 0.456875766 -0.196778579
 0.456803446 -0.325357606
-0.061125341  0.267585653
-1.195161762  0.073645469
 0.005092094 -0.667835998
 0.529226175 -0.276036289
 0.595669945  0.258258255
 0.152378172  0.550382131
-0.047027191 -0.608431808
-0.421744973 -0.210170195
-0.444669504 -0.690716690
 0.246502382  0.306998428
 0.635837748 -0.230333184
-0.196346686  0.144152753
 0.191623037  0.492711851
 0.245221169  0.651692414
 1.294179789  0.486090333
-0.037229438 -0.398695931
-0.009658707  0.032828617
 0.393076948  0.150266601
-0.456663070 -0.784067701
-0.234180688 -0.778366633
-0.512586821 -0.893231061
-0.305499738 -0.198098733
 0.105282614  0.271830703
 0.334507109 -0.255036101
 0.164996481 -0.164175094
-0.174469595  0.863407888
 0.386825481 -0.325586223
-0.718172266 -0.307393539
-0.826432542  0.213631398
 0.546202248 -0.085911509
 0.683286747 -0.235019191
 0.437274120  0.519323778
 0.119625694  1.004323338
 0.030448796  0.071650405
 0.038834793 -0.487597450
 0.121139547 -0.474211968
-0.662205265 -0.651570756
-0.099949090 -0.526089228
-0.094403521 -0.432070986
-0.641798213 -0.356632839
 0.057529574 -0.574766438
-0.150192049 -0.718081497
-0.052006954 -0.505193465
-0.516715137  0.835340260
 0.626821557  0.101315661
-0.514050930 -0.234359794
-0.331228856  0.054357155
-0.335866887 -1.225126927
 0.640238425  0.119135988
 0.222678461 -0.817520480
 0.445028872  0.754472053
-0.040379371  0.943426110
 0.151998434  0.704530345
 0.116383145 -0.632217110
-0.199682292  0.313981708
 0.210243738 -0.639499463
 0.215181303  0.353731093
 0.361928623  0.293026356
-0.337317341 -0.104987705
-1.037239696  0.609228164
-0.382237982 -0.779133141
 0.036590459 -0.104061386
-0.580340420  0.177650518
 0.106917440 -0.231190685
-0.419284084  0.161286397
-0.677284649 -0.018384734
 0.636166510 -0.625923657
 0.220036522  0.544899507
 0.605943937  0.600097423
 0.669249219 -0.278723164
-0.199129324  0.281109374
 0.259907495 -0.138573137
-0.090508769  0.260657088
 0.307382511  0.575940685
-0.405983097  0.306614179
 0.217911101 -0.101275813
-1.305249809 -0.015457792
-0.378532763 -0.640352940
-0.313597818 -0.403327959
 0.152643864 -0.092155244
 0.024856354 -0.452281894
 0.501141354  0.779068642
-1.046094443  1.481028765
 0.168329854 -0.372182614
 0.099843999  0.450092830
-0.797862302  0.709043680
-0.251562277 -0.029255776
 5.679394914  0.247543889
 6.460997092  0.625609121
 6.447606874 -0.538827017
 4.995502385 -0.558268023
 6.221041595  0.412794410
 5.917913503  0.485062106
 6.557663600 -0.444104516
 6.401016492  0.026137458
 5.923978596 -0.753878344
 5.852236222 -0.203772985
 6.353807852  0.241555532
 5.741581881  0.523809207
 5.395513887  1.109551773
 6.797305091  0.729825806
 6.272088393 -0.082326779
 6.395348678  0.488173872
 5.657457931  0.517568365
 6.189234565 -0.122022164
 5.723338214  0.858867796
 5.495575282 -0.122927041
 5.722870566 -0.548770747
 5.223466544 -0.309742266
 5.867813959  0.567664878
 6.117728318 -0.826528898
 5.692963351 -0.184947996
 6.285870496  0.071973615
 5.298501669  0.473452820
 5.836713281  0.088530688
 7.118772466  0.178305091
 6.227021075  0.251802610
 5.608223049  0.269322370
 6.761020559 -0.842986708
 6.509930270 -0.429367255
 6.405573777  0.026611959
 6.056238685 -0.895039929
 5.739601080 -0.843497380
 6.072667397  0.469137570
 5.503738794 -0.618789976
 6.474065568  0.482757357
 5.933463621  0.040945431
 5.457672251  0.017831835
 6.248017539  0.895550193
 6.073677864 -0.473216087
 5.295993952  0.138847717
 5.872428735 -0.205104038
 5.787717296  0.712394621
 6.243121152 -0.261707312
 6.406727086  0.394272794
 5.546299643  0.361320124
 7.116395467 -0.512653976
 5.822790411  0.182970340
 6.042121125  0.437484266
 5.230110452 -0.142392698
 4.462895038 -0.069080781
 6.300387685 -0.544118438
 5.832276939  0.698282052
 5.703851155  0.680501378
 6.450305202 -0.719781651
 4.985493886 -0.345415812
 5.954918322  0.508215752
 7.017036110 -0.297998887
 6.740284160 -0.413267703
 5.323886828 -0.050476721
 6.771554609  0.221005792
 6.091566513  0.396195131
 5.527441280 -0.853071024
 6.203389328  0.017061905
 4.914547804 -0.139328012
 5.846150181 -0.787126565
 6.490321137 -0.569155589
 5.874163282 -0.153266171
 5.938480862  0.133978129
 5.961679269 -0.502306470
 4.982464910  0.704991150
 5.781088752  0.422730598
 5.378621255 -0.154635585
 5.512181600 -1.225204884
 5.327296622  0.681450504
 6.129634405 -1.171706816
 5.652701428  0.008048101
 5.792379396 -0.488886663
 6.166994341 -0.465083366
 6.298558489 -0.514164758
 6.022065674 -0.110572518
 5.767037360  0.219006019
 4.593956312 -0.345895681
 5.802023710  0.308043413
 5.074239883  0.460532662
 6.737746686 -0.672087104
 5.702793416 -0.069979375
 6.148671695  0.445822699
 6.835811216  0.310132386
 5.881391056  0.505416319
 5.887202128 -0.304948610
 5.917860411 -0.154962289
 6.769361555 -0.138795474
 6.206034264  0.318360394
 6.844091791 -0.278553687
 6.926314151 -0.160117757
 5.498408715 -0.421213790
 2.161856321  5.424053608
 3.364836205  6.662255602
 3.727001395  5.624956436
 3.483324725  6.694588032
 3.904761726  6.269909293
 2.315313991  4.994747642
 2.085032185  5.852047953
 3.392412848  6.693025680
 3.170517265  5.465804465
 2.407466386  5.787409916
 3.347585149  6.975881703
 2.483753085  6.582045974
 3.026424495  6.440283603
 3.233718811  6.459051688
 2.962944980  5.783543762
 3.245465518  6.688104693
 2.528060553  5.751084335
 3.717402308  6.065769846
 2.478603013  6.207496332
 2.554096525  6.461477322
 3.653216745  6.357895641
 2.406268243  4.793441086
 2.158598542  6.513669988
 3.247904577  5.865656471
 3.265754069  5.919033727
 2.314049191  5.642072585
 2.571425532  5.881503915
 3.022114416  6.109015919
 3.538978760  5.356251933
 2.302174270  5.085082651
 1.872759495  6.113163605
 2.873364179  6.392877516
 2.391410381  6.328822714
 1.904197721  5.857381523
 2.454639402  6.857959854
 2.182807215  6.345781027
 3.135342808  5.445910720
 3.692047930  6.178901083
 2.900757015  6.316812797
 3.022136461  5.983289628
 2.991388492  5.427855772
 2.828913315  5.504368623
 2.073875581  6.071402335
 3.131899260  5.059185881
 3.758311314  5.990360789
 4.293013973  5.683980754
 3.710988807  6.072900024
 2.603822857  5.700429025
 2.343753316  5.739383920
 2.268437694  5.650548437
 2.873990701  6.207581869
 3.490586248  5.238968213
 3.062485744  7.154555096
 3.873973859  6.050319827
 2.454551178  5.819644204
 2.249891877  5.597078655
 2.698672652  5.280039072
 2.686547419  5.986130005
 2.715447765  5.855357539
 3.862917077  6.582358022
 2.319667097  6.824541138
 3.170201626  5.810061459
 3.202018423  6.159914278
 2.625214811  6.508243898
 3.337802296  6.240733360
 3.216431088  5.532333169
 2.932570340  6.872996973
 3.556815792  7.043616060
 3.239992347  6.427380542
 2.391943848  5.590762651
 2.733642377  5.498376210
 2.549471064  5.298276206
 3.769840399  5.815643815
 2.271744368  6.309334318
 3.063450534  6.083923956
 3.152849837  6.426360697
 2.309397352  6.212027015
 3.247620955  6.264624307
 3.552217556  6.763761449
 2.386484436  6.135249197
 3.095784795  5.851977744
 3.534475312  5.539838727
 3.096283093  6.767660764
 2.964805390  6.894396930
 2.985352435  6.223838678
 2.928321284  5.655580191
 2.989241104  5.616409035
 3.057088173  5.775155197
 2.601378288  7.237503517
 4.092027869  5.626854418
 3.107202506  5.805622931
 2.774619507  5.717995077
 3.269285420  6.247096132
 3.285854590  7.053818282
 3.537425153  6.040053068
 2.824408399  4.683859225
 2.755281462  5.870312282
 3.321447402  5.483119825
 3.553025333  6.570793934
 3.056423909  6.807848315
 7.895703766  6.456925649
 8.164931819  7.294950230
 6.830201558  7.248387754
 6.296291592  7.388275929
 6.786325180  7.391127914
 6.813914328  6.872172663
 7.456502176  6.244100910
 7.138829361  7.576822230
 7.440342951  7.360673999
 6.928261018  7.016934487
 6.751653078  6.308797152
 7.136276416  6.751985991
 7.414740315  7.157214331
 8.158081221  7.307637743
 8.030882852  6.622705291
 7.020528904  6.860969170
 6.137022576  5.331124696
 7.087861468  6.242141371
 7.704651653  6.630829251
 7.690504591  6.390049687
 7.105238936  7.235051241
 6.997177126  6.850366910
 6.848108275  8.154293211
 7.140157675  7.467758870
 6.562871146  6.573825245
 6.129279745  7.034869145
 7.000834455  7.606631090
 7.073456889  7.361536694
 6.743811487  6.198010929
 7.743204139  6.442551419
 6.681454365  6.776224044
 7.113470452  7.588826020
 7.450115206  7.068605618
 6.676292271  7.366108519
 6.597498273  7.261735151
 7.179669461  5.935868557
 7.123735541  7.352270755
 7.347363088  6.372546967
 7.902673396  7.475899694
 7.377705353  6.675603985
 6.523332191  7.103021125
 7.479377367  6.364549457
 6.304779175  6.573377762
 7.816323639  6.786619494
 7.252324092  6.783287615
 6.491867763  6.282503982
 6.532241792  6.412362348
 7.327043855  6.555833328
 6.073441115  7.579153441
 6.418142918  7.439863322
 7.566177203  7.548492927
 7.153257387  6.933349025
 7.366240384  6.218782304
 6.331686962  7.417955228
 7.252417063  6.120314149
 6.877995825  7.576647856
 6.782983604  7.754953804
 7.684716825  7.843940576
 7.517007863  7.020658811
 6.287079180  6.707100353
 6.441972899  6.552703968
 6.274724631  5.884121575
 7.303993149  7.360970578
 6.824152840  7.258551046
 7.152792042  7.039012594
 6.216027151  6.435937160
 7.440183988  6.319162420
 6.619709665  6.182235787
 6.968115532  6.391101127
 6.956548804  6.511349288
 6.866098381  7.172013796
 7.674648603  6.226219708
 7.647415178  7.395660503
 7.307506232  6.899167568
 7.808874259  6.869901060
 6.823621408  6.801036467
 6.896691742  6.621399562
 7.938563439  6.476774181
 6.310991161  7.094032098
 7.691111149  6.482237961
 6.815942005  6.640987518
 6.586598531  6.849834732
 6.869196884  6.699847884
 7.026712453  6.808078203
 6.225345293  7.803856192
 7.258969184  6.748007869
 6.197358138  6.633035566
 7.085574475  6.901050210
 7.075682298  7.167395505
 6.604874961  7.081738221
 6.787445044  6.862061143
 7.073643292  6.879596586
 6.782020601  6.739110442
 7.538740966  6.822083946
 6.714701315  7.525714129
 7.795027157  6.257483054
 7.440804029  7.247400356
 7.594545858  6.070939558
 7.667934845  7.174530094
 7.106734792  7.258962832
