 0.281980826  0.483991887
-0.499594840 -0.969600555
-0.470376425 -0.090716787
-0.363944364 -0.212973739
 0.545375575 -0.036024198
 0.272698216  0.116089668
-0.316431584 -0.221292457
-0.330564409 -0.851806324
-0.485362668  0.332249121
 0.414602722  0.961446302
 0.145894127 -0.660504007
-0.492848057  1.103824980
 1.395798247 -0.086885992
-0.483227556 -0.668476206
-0.402863803 -0.534623274
 0.492769256 -0.234436573
-0.358778725  0.378963846
-0.425350049 -0.968937501
 0.488966851 -0.461958861
 0.175257106  0.180985558
 0.658685263 -0.102216313
 0.845506275  0.228408183
-0.178937112 -0.115019291
-0.368527387  0.498973344
-0.384226601 -0.433905494
-0.468742543 -0.159302433
 0.387486086 -0.128309313
-0.311571599 -0.648066485
 0.088396294  0.325695980
 0.204618859  0.008617175
-0.421606637  0.277196226
-0.719358466 -1.007409163
 0.284528235 -0.241885717
 0.025962205 -0.265152784
 0.860076217  0.060748851
-1.311922901 -0.104540177
 0.511847499 -0.089929300
-0.640294510 -0.569294269
 0.088086033  0.579529725
 0.607759352 -0.381049658
 0.385897334  0.094364286
-0.627614168  0.097631744
 0.550204604  0.836907146
 0.345652621  0.254768309
 0.196504628 -0.521919153
-0.263625267  0.829101371
-0.311147554 -0.300212793
-0.325666105 -0.715504619
-0.316561865  0.139735318
 0.214007156  1.050168383
 1.136043771  0.095569531
 0.372817817 -0.116026511
-0.140780992 -0.298950127
-0.329610895  0.046714669
 1.248133910  0.324293309
-0.869817478 -0.498910165
-0.062470704  0.584563434
 0.527762951  0.256605879
 0.491719747  0.063421979
-0.242708202  0.366448521
 0.017678062  0.054825375
-0.253130102  0.073029377
-0.391777746  1.036607492
-0.289670658  0.596252003
-0.502015056 -0.760675313
 0.227112663  0.423735528
 0.094060328  0.224066882
-0.616808564 -0.106803411
 0.062697885  0.857287547
 0.346720465  0.162573596
 0.421691865 -0.373104930
 1.058471130 -0.496242365
-0.445613334 -0.432948645
 0.268435473 -0.124762485
-0.419162254  0.196867179
 0.163153339 -0.614691552
 0.072328212 -0.249542861
-0.594837457  0.724605584
 0.754405530  0.405796477
-0.106874668 -0.566722940
 0.195066154 -0.342633060
-0.337052128  0.167602784
-1.075113633 -0.351141922
 0.417625453  0.136351087
-0.212708921 -0.094902987
 0.073384859 -0.616515114
-0.674946715  0.440899315
-0.135802646  0.003812037
 0.161462182  0.549342137
 0.008790560  0.750535236
-0.019093685 -0.143634030
-0.518634569  0.157338180
 0.637844581 -0.153030244
-0.955668367 -0.507845419
 0.490295598 -0.458666377
-0.533908053  0.017665772
-0.609951551  0.102414983
-0.089399882  1.153132565
 0.290191905 -0.143468397
-0.164744526  0.699554093
 5.722070680  1.153365419
 6.501528330 -0.032787311
 5.829951725 -0.621826196
 5.609404562 -0.195089160
 5.247109967 -0.034281697
 4.885136840  0.620320169
 6.595001597 -0.012862150
 6.295285945  0.382560154
 6.015216124 -0.690895080
 6.520533802 -0.030821086
 6.695308900  0.401212085
 6.293266885 -0.104132876
 6.005116758 -0.563163594
 5.763531869  0.551161926
 5.829808808 -0.390232653
 6.495068877  0.257490933
 5.601889390 -0.284526450
 5.785017592  0.320325258
 5.780795062 -0.419580573
 6.474029967 -0.344491063
 6.702457457 -0.358065483
 6.698049363 -0.381426780
 6.000963345  0.125621677
 6.268161495  0.193165142
 7.395157383 -0.519450861
 6.751550729 -0.030978717
 5.833712665 -0.125324443
 6.242772048 -0.021628799
 5.859475285  0.060622938
 4.521462558 -0.360638684
 5.802565434  0.546511903
 5.474260737 -0.454395507
 5.815285531 -0.112270285
 5.153558994 -1.117680775
 6.424682141  0.186107581
 6.368463009 -0.115990122
 5.931697637  1.040476335
 5.892833901  0.475127222
 5.310069635 -0.378207743
 5.624494050  0.660961249
 5.565351582 -0.099408090
 5.993626505 -0.094823800
 5.993348079  0.464706586
 5.172240670  0.535088651
 5.992629118 -0.921332179
 5.919413254  0.614019063
 5.674395162  0.165523345
 5.512939526  0.448566855
 5.447973081 -0.350104211
 6.287909146 -0.660906881
 6.619630517  0.576580106
 5.713395371  0.642207680
 4.971468516  0.134014345
 5.798432824 -0.199020023
 6.253240421  0.473592752
 6.835524714 -0.050900161
 5.766898293  0.054645800
 6.410397122  0.310417186
 5.225773210 -0.621067860
 4.989999231  0.079431632
 6.034750536 -0.654904719
 5.932233262 -0.042897466
 6.346950723 -0.803643421
 6.309223504 -0.533370093
 5.258322165 -0.524252059
 5.414028303  0.514733677
 6.022373533  0.698863943
 5.926215056  0.022062132
 5.987386197 -0.479830027
 6.261832395 -0.133258018
 6.043383860 -1.181395409
 5.523807471  0.676987082
 5.385390811 -0.729927163
 4.910814178  0.302473708
 6.693027158 -0.320393412
 6.566497159 -0.418015365
 5.955193379 -0.367388884
 6.524040318  0.139032719
 6.783163946 -0.326868583
 6.087896234 -0.398929495
 6.217227091  0.063861560
 5.265218666 -0.181746324
 5.059540588  0.173752837
 5.949151002  0.157528096
 5.720190703  0.604903688
 6.014515309 -0.119154595
 5.374971288  0.621780757
 5.902028298 -0.155259929
 5.882655254 -0.406361969
 6.835760113  0.074895076
 6.216671805  0.057534771
 5.914483140  0.092471497
 5.942531009 -0.228780036
 6.409527760  0.117159759
 6.315040970  0.467961100
 5.957111935  1.111173360
 4.751150149  0.050595606
 5.120687542 -0.049461181
 5.726658824 -0.388116043
 5.863426577  0.854631591
 2.539697207  6.178420052
 2.994387346  5.959455741
 2.724245680  6.065440480
 3.253920253  6.147294504
 3.482772622  6.440140059
 2.321716727  6.055047012
 3.475958988  6.507379843
 3.075426605  5.591276982
 1.885886235  5.839735879
 2.387239839  6.124255789
 2.678325181  5.357166999
 2.813164732  6.128856665
 2.821824747  6.519724549
 3.617375127  6.244935773
 2.985222575  6.144135394
 2.278230736  5.717390289
 2.793381276  6.165785788
 2.629165410  6.057658636
 2.637856488  6.015187424
 2.886498082  6.217264160
 3.123015553  6.607317044
 2.441278447  5.616669133
 2.761486843  5.877717288
 4.098414493  6.466221160
 3.142681806  6.489025583
 3.113628521  5.779582392
 2.844347443  6.185452477
 3.782949638  6.707809660
 3.399065499  6.296805716
 2.415268835  6.505837305
 3.001532299  5.444051473
 2.621770841  6.110923795
 1.916151284  6.058991908
 2.881495613  5.820746278
 3.206617495  5.678971179
 3.660135052  6.052033911
 2.993151820  6.087710107
 3.245626977  5.319369332
 2.959461311  6.313329284
 3.355688854  5.884850847
 2.404807348  5.723792470
 3.696225688  5.909688856
 4.033906275  5.856904352
 3.098102401  5.790726218
 3.261730161  4.766700968
 2.749920809  5.410995825
 2.128061630  6.176953332
 2.338008665  5.751337304
 2.586812225  6.236379776
 2.592374665  5.856301028
 3.066125239  5.316023203
 2.622914345  5.376221157
 2.420568052  6.172703440
 3.033527145  5.793982737
 2.786886706  5.517166069
 3.258473086  6.496212939
 2.786306707  5.500468206
 3.608825145  5.444051300
 2.485410023  5.598174017
 3.518286111  5.793583895
 3.494554049  5.878448221
 3.489459396  5.878796988
 3.524925423  5.545060936
 3.075442763  6.049901808
 2.084959404  5.898404213
 3.421259718  5.317665081
 2.979649771  6.115068133
 3.059525627  5.190444565
 2.939256920  5.457397781
 2.162062502  6.271762532
 3.434427682  6.107040979
 2.959648299  5.518088001
 3.674695448  6.216967131
 3.069198930  6.522725992
 2.660899798  7.070265880
 2.595881356  5.082692784
 2.819215417  4.880278098
 1.524784561  5.953797459
 3.037593757  6.359219037
 3.342555769  5.681066557
 3.265478700  6.225997847
 2.487934279  6.243331882
 2.600185870  6.925744452
 2.988675740  5.777576881
 3.206882143  6.783939866
 4.095016677  6.423027922
 2.583998325  6.635365947
 2.315998462  5.688647888
 1.856392285  5.142283000
 3.373003849  5.907848263
 2.043412722  5.596801263
 2.443749408  6.118670930
 3.216307489  5.737435588
 3.232809184  5.294437992
 2.394814369  5.941937013
 3.351680328  6.106652963
 2.272842579  6.002539771
 3.143987070  5.917819368
 2.929799952  5.110634477
 2.922284671  6.869742002
 6.929552077  7.397257268
 7.433658746  6.797890221
 6.638737322  6.934058472
 7.091197275  7.172136545
 8.119237618  6.432055837
 6.161085948  7.086803000
 7.301597541  7.111455137
 7.654251982  7.430984027
 6.756532113  6.983295164
 6.827707329  6.943167061
 7.565576495  7.912028961
 6.643555489  7.238537193
 6.669247739  6.873890455
 6.907158843  6.388108018
 7.886742477  6.270365474
 6.790657993  6.103009186
 7.208767875  6.205457606
 6.256250450  6.630987303
 7.026788856  6.857134918
 6.518396759  6.218050103
 7.515305642  6.813103267
 7.211123819  7.683739725
 6.330165817  7.442113260
 6.478083142  7.196671374
 7.271459592  6.998982418
 6.961293862  6.707700044
 7.352309766  7.196424719
 7.018985130  6.516417511
 7.726792363  7.105342792
 7.285827007  6.054583337
 6.795264949  7.009702910
 6.906146826  6.048503825
 6.683379517  6.814781196
 6.158112484  7.022557863
 5.887868343  6.281318924
 7.141453570  6.836460838
 6.914205034  6.893819511
 6.734203499  7.292412034
 7.170582543  7.615940923
 7.589047503  6.489738525
 7.559764657  6.582667135
 5.954429841  7.080542450
 7.328276324  7.469452711
 7.039621331  7.426707932
 7.410713912  6.875796317
 6.271490515  6.497655432
 7.221013406  6.832579976
 7.021560865  6.518196294
 6.825936527  6.990983833
 7.082334344  7.076969524
 7.338399457  7.609977359
 6.644262073  6.735437597
 7.477800718  6.985210050
 6.455125619  7.813325003
 7.553555672  6.377435512
 6.500951769  6.383620522
 6.699167270  7.118220528
 7.560652172  7.527208188
 5.945662136  6.226713948
 7.073291045  6.473412782
 6.629262972  5.946978225
 7.189166329  6.284284305
 7.042476885  6.708897935
 7.636922873  6.372439253
 7.156158729  7.793366550
 6.795291285  6.808535964
 5.485008404  7.170964747
 7.232833001  6.197946668
 6.579335478  7.511738884
 7.080412121  7.636662752
 6.656459475  6.314611680
 7.197053434  6.848237585
 7.590699324  6.136269892
 6.396246370  7.259289859
 7.017640034  6.609993335
 7.278016442  7.258148253
 6.962690068  6.431151815
 7.802238930  6.837546627
 6.192696084  6.546905740
 7.823796436  7.223147839
 6.517266190  6.296502253
 7.080562759  7.742761662
 6.865090783  7.047124566
 7.273427464  7.536859658
 8.109893689  6.610929472
 6.987079137  7.734320194
 7.239990162  6.776560736
 7.534209505  7.190568694
 7.201563650  7.480651239
 6.275350601  7.144750284
 7.157882097  6.148538025
 6.360436045  7.552886103
 7.512880402  6.953979501
 7.085697177  7.332838101
 7.211475429  7.069498221
 8.015617991  7.283012393
 7.365804233  6.714099428
 7.296389677  7.734656302
 6.721476391  8.027655881
 6.718277375  7.756372359
-3.878872678  3.888826396
-2.209957867  3.651055294
-3.665976108  3.707408901
-2.242843093  3.949878259
-3.899531603  4.835151617
-2.902724883  3.577878629
-3.286049030  5.249118231
-3.510780819  4.170060673
-2.724362251  4.532132910
-1.463918967  4.000145300
-2.975228536  4.298537889
-2.826398272  4.066478581
-2.904749491  4.286549360
-2.418926814  4.510151568
-2.339742453  3.320922318
-2.672837924  3.802444579
-2.758499545  4.383943412
-2.998922025  4.241034420
-2.896601318  3.195237203
-2.750073780  4.846022764
-3.266577385  3.990648529
-3.164377024  3.809943881
-2.664576727  3.792638589
-4.108065602  4.322038807
-3.137669335  4.000281084
-2.558015199  3.562594563
-3.615695193  4.264864379
-3.993303115  3.594686244
-2.888019601  4.722493486
-2.509706006  4.251441075
-3.260781016  5.026927946
-2.661398031  3.898092948
-3.358366004  4.048622851
-2.912129098  3.829915943
-3.211643317  3.770636649
-3.276690956  4.377447531
-3.902758142  4.290748039
-2.868923542  3.659001083
-3.680206537  4.632803159
-2.157421821  4.082617770
-3.534929472  3.491362755
-2.299404030  3.816390018
-3.187774254  4.246228918
-3.195297413  4.052740026
-2.904621570  4.560375976
-2.831055861  3.895309354
-3.627063497  4.999844725
-2.781738029  4.508137834
-3.256388428  4.429824818
-3.375842722  3.956162975
-3.236045482  4.675942793
-2.842188933  3.867946956
-2.529218869  4.223914152
-2.462697313  4.365107803
-2.924210319  4.489229855
-2.958731585  3.799457981
-1.810399014  3.733843458
-2.520833230  3.729660991
-2.925703532  3.825385278
-2.895436541  3.436858794
-2.602142009  3.477008007
-3.396001371  3.933586600
-3.100090398  4.722392663
-3.514176195  4.060856063
-2.627991234  3.489665419
-2.748958998  4.272092125
-2.483377352  4.039306406
-3.246933169  4.283028719
-3.328346762  4.991318380
-2.814786200  3.585147973
-2.357008322  4.012014052
-2.752278546  3.190802840
-3.574991743  3.934965538
-1.951918661  4.485019992
-3.349032672  3.512641529
-2.992048183  3.013342560
-3.447165944  3.468780807
-3.371921867  4.238658083
-2.877002088  3.872797505
-2.876943472  3.451469380
-3.833392066  2.929928500
-3.360404569  3.154500685
-3.070950117  3.797799476
-2.769260252  4.840761507
-2.657416909  3.600181078
-3.157579838  4.673432648
-2.711011172  3.353049616
-3.471096960  4.737022948
-2.638882861  4.709410318
-2.001681334  4.145182334
-3.183190049  4.021146805
-2.849885047  3.553552010
-1.941505613  3.953386827
-3.622461041  3.969084750
-4.057085488  3.331371547
-3.123840333  4.209536809
-3.041913347  4.350400820
-2.658243199  4.474102106
-2.834341445  4.121655972
-3.385982298  3.232430516
