 0.3371944740 -0.0303280254 -0.0209897220
 0.3535606473 -0.4348179157  0.1825081898
 0.5862172863  0.4340382535  0.5465933651
-0.4095884250 -0.3009189166 -0.2658360366
-0.1308328244  0.0772729494  0.3617852118
-0.0331607815  0.0585354890  0.3796780425
 0.7049669001  0.1260391379 -0.6121232545
 0.3132837123  0.6114197683 -0.3519383012
-0.0989515473  0.6930664177 -0.3476430977
 0.1080312828 -0.5464377392 -0.6416973943
 0.5194831141 -0.1709418833 -0.1461528003
 0.1160018911 -0.6208207189  0.2772890493
 0.7949593844 -0.2368506015 -0.3288689281
-0.7994757390  0.2638814123  0.3901578015
-0.8963604215  0.3312959722 -0.4493830116
-0.3953094680  0.0984260756 -0.2641801186
-0.3989444557  0.0496239126  0.4232169319
-0.0623085400 -0.2023361635 -0.3502029633
-0.3139719403  0.4067755214 -0.3012579181
 0.3676520839  0.2627326792  0.3173309216
-0.0211087391  0.3291522310 -1.0359244356
-0.0295332955  0.4483420095  0.2310805355
 0.2194813959 -0.4817453379 -0.1386609595
-0.5989924058 -0.1024465664  0.2464446125
-0.6687084858  0.6606620930 -0.2105511424
-0.2192032202 -0.0938333730 -0.3212153682
 0.7662158301  0.8850716993  0.7759722809
-0.6364866574 -0.3475655428  0.3994334748
-0.5301785741  1.0205694081 -0.1344735791
-0.1620893130  0.6440614408 -0.3892318314
 0.1317043132 -0.5893072008 -0.8628070104
-0.3373776067 -0.1049779999  0.0163151388
-0.3512055509  0.3464813698  0.4967303770
 0.3359224709  0.3684235762 -0.4662249233
 0.1314984377 -0.3303397810  0.4484634287
-0.2252212289 -0.7526839284 -0.6922835913
 0.0399886281  0.6718279887 -0.2359843625
 0.0311381630 -0.3452591251 -1.4528170052
-0.9985443304 -0.1878773782 -0.9913546939
 0.0323137643 -1.1247246618  0.2876350607
-0.1347494803  0.6212756233  0.2757737795
-1.0144769307  0.3512068986  0.8445810041
 0.2190273731  0.6532869217 -0.7227979251
 0.5827049360  0.6828665331 -0.2553996201
-0.3306909223  0.5469087163 -0.7670799888
-0.8117280877 -1.0363375903  0.3724823725
-0.5108331061  0.7845060294  0.0661314091
-0.0820486264 -0.1702796909  0.4697887086
 0.2135473010  0.5007077942  0.6912732329
-0.3820585014 -0.3532659458 -0.1979724494
 0.3897809262  0.5881518323  0.2458950028
 0.6098142748 -1.3243656602  0.1173280993
-0.5705749961  0.6082734849  0.0516115208
 0.4138211557 -0.9540676731  0.2411281715
 0.5971149297 -0.5614100640 -0.3555448932
 0.2890413084 -0.0574302221  0.4772578859
-0.2603103802  0.0447114372 -0.3724681207
-0.4336944878 -0.3311838912  0.3983925757
-0.4113219764 -0.3313040278  0.3447517560
-0.2232675691 -0.5785494665 -0.4609280258
-0.0854284527 -0.4499837514 -0.4242209806
-0.6131471212 -0.5068120444 -0.8368943081
 0.0621895105  1.0015494239  0.6307809426
 0.0296990327 -0.9781543726  0.3121390524
-0.7464298899 -0.7432823454  0.3523898381
-0.2348199469  0.6557058213  0.3072580666
-0.6192732436  0.0008091168  0.0981484023
 0.3643219867  0.3940365859  0.7356590586
-0.1052970241 -0.2007892424 -0.1308114007
-1.0413416083  0.0723972046 -0.3944509044
-0.3672991663  0.6665177771  0.9635499948
 0.3640401421  0.1316274469  0.2820133010
-0.2727530583 -0.2915486303 -0.3386511037
-0.3663004656 -0.3412424354  0.1117451294
 0.3319196781  0.6393980849  0.4586424736
 0.1092378608 -0.4351249567  0.0196587041
 0.1124512079 -0.5381350926 -0.1931543537
 0.8497073296  0.0904878602  0.2437108889
 0.3004279160  0.7514046479 -0.8185290914
 0.2233413078  0.5188369051 -0.2108437319
-0.2884647480  0.7095909155 -1.0550093792
 0.5861823263  0.2670859865 -0.1723550550
-0.1376844631  0.3535911765  0.4519746272
 0.2134230937  0.2185601330  0.5176225327
-0.6634494308 -0.5340188639 -0.0142443373
 0.3456653573 -0.1118307211  0.1752657726
-0.2449397874  0.8906359896 -0.1212444992
-1.7036230323 -1.3408989996  0.0855081059
 0.0122036118 -0.5487305723  0.7186592726
-0.6040109917  0.4137363647 -0.7376898537
-0.0461282690 -0.0126930062 -0.4390990293
 0.4224367187  0.3180931816 -0.3929418571
 0.1673738154 -0.3328510250  0.4743831455
 0.3826658216  0.2975982962 -0.1239172224
 0.1790544408  0.1139115538 -0.8069973014
 0.2486510384 -0.5471953587 -0.3010972342
 1.0397440589 -0.7908894072 -0.8722742898
-1.1510862959 -0.0943344028 -0.1028821361
 0.2671263418  0.9514690094  0.1671515905
 0.3429063353 -0.1472631053  0.2452883857
 6.1105995928  0.7698506576 -1.4657433405
 6.4818886364  0.4289029817 -0.0507595141
 6.2840572143  0.7837414270  0.2413487115
 5.5442889435 -0.7533022082 -0.6514271755
 6.0939491527 -0.4413629268 -0.0518414510
 5.6227327856 -0.0790744441 -0.3210338916
 6.3822453760  0.0763374132 -0.1840985136
 6.5500338471  0.2462463280  0.5263378305
 6.0226816244  0.0298893093  0.0598470093
 6.1230025409  0.6095622217  0.0378412828
 5.8580981671 -0.1944652187 -0.3430673473
 5.4444940186 -0.1762498871 -0.0970313698
 6.1950991234  0.5083397313 -0.5026097855
 5.8362650276  1.0009237282  0.3288022777
 6.4945147821  0.5881953108  0.2816903692
 6.2252034635 -0.3728565488 -0.6432560736
 6.5284058329 -0.6952718065 -0.2102533810
 5.9707322953  0.5890648746  0.6239460061
 6.5236977881 -0.2609207735 -0.2171801319
 6.0178178504  0.0693721232 -0.2154781708
 5.8791310401  0.8307187121 -0.0288784219
 5.7272905037 -0.5021426907  0.7371397501
 5.9289955156  1.2987092039 -0.0612079169
 6.0904981963  0.4744191247  0.1919956217
 5.7829066108  0.9161229955  0.2581663885
 5.7153556316  0.0868019614  0.5014572743
 6.1252647424 -0.3435781368  0.6987577899
 5.8131541422  0.0188343895  0.1230426825
 5.7696291813  0.2670711479  0.0064850891
 6.4773241198  0.1092697101 -0.1645521999
 5.7328440522  0.2591343348 -0.1528071622
 6.4009445738  0.7029938003  0.2625063341
 6.2245416927  0.5778380843 -0.1887805881
 5.0425255345  0.4686962205 -0.5312878792
 5.8905200038  0.1802217890 -0.6460479950
 5.6705638632 -0.1646512943 -0.2487150940
 6.4119012294 -0.5676199534 -0.3074772371
 5.8436870613  0.8178282322 -0.6665955579
 6.3100229199  0.3830619007 -0.2392427507
 5.9923292626 -0.3227181342  0.4560912711
 5.8122841145  0.2977604359  0.5834366710
 5.3521177186 -0.1770584571  0.1462367379
 6.8278493975  0.4923171705 -0.8411447523
 5.6513210487 -0.1154497780  1.0066600677
 5.6443659531 -0.2007455781  1.1599907939
 5.3941222753 -0.4956272382 -0.6279287205
 6.2287360535  0.0072565434  0.3552143901
 5.6330422355 -0.4907207932  0.0656402947
 5.0949935257 -0.4405346887 -0.3294229395
 7.0606716036 -0.4044113210  0.1730953064
 7.6978187218  0.5501190544 -0.2178074412
 5.6496127722 -0.0394026961  0.0579426872
 6.6525253714  0.5608537351 -0.0745767753
 5.8564623732 -0.6720735162  0.3449107748
 5.8982746343  0.8132077877  0.1567550520
 5.8187494426 -1.0484973816 -0.7116198467
 5.7018918274 -0.5526787712  0.6245756244
 5.8003144879  0.7521152665  0.5348148203
 6.5599237900 -1.0086678592 -0.0086163942
 5.6746386997 -0.9237952642  0.3875403984
 6.0154942410 -0.2631723901 -0.8618481942
 5.3401375358  0.2454860078 -0.0669953268
 4.5619699544  0.2983321350  0.0333724636
 6.3565724223 -0.2604003684  0.5554588847
 5.7020094225  0.1930076685 -0.0572630072
 6.3258872924  0.3404281385 -0.5611254025
 7.0200918338 -0.6742009493 -0.0069023947
 6.1185474864  0.3700956504 -0.1813091632
 6.6385078731  0.3712659680  0.2416249421
 5.4514135378 -0.0880055587 -0.0949157048
 5.7523231885 -0.2260913676  0.4392959850
 5.9565111755 -1.1141892542  0.0819753589
 5.3758911599 -0.4903347785  0.7153116317
 5.8114247258 -0.3000383091 -0.5206454635
 6.7253663129 -1.2730201148  0.2268755921
 6.4720328833 -0.4216997187 -0.0667437172
 6.5546403028 -0.1833270343 -0.8016964427
 6.1768163091 -0.3481697846  0.2004695455
 5.3181829755  0.6922028730  0.0014264887
 6.5184882689 -0.6208251298 -0.7616329824
 5.5435842521  0.2656353992 -0.1013254696
 6.6372913670 -0.0115420163 -0.4939816311
 5.5641582121 -0.0047613739  0.6406986038
 6.1809051072 -0.3210872419 -0.0859735609
 5.7522600796 -0.6339875491 -0.1221889709
 5.3444922995 -0.0827499489 -0.0735522611
 6.2223362178  0.0634145124 -0.5463560073
 6.1502640478  0.6424730078  0.5125836214
 6.6451692066 -0.4501087836 -0.1423341624
 6.3604183907 -0.0302728559  0.2727505391
 6.0449599606 -0.2610335985 -0.7759003170
 5.6018327158  0.7643343834 -0.1113309150
 5.8186160064 -0.1267537602  0.0162099569
 5.7261831030  0.3097002905  0.6742865296
 6.1798829500  0.3699739523 -0.2985624526
 5.5122140186 -0.2535276405 -0.0427640166
 5.8876662848  0.4963950435  0.0150591971
 6.0505592900  0.0367225690  0.6501433270
 6.5178963918  0.6989162155 -0.8319842707
 6.2036825189 -0.5930271760 -0.8202259885
 3.2970055472  5.3063250244 -0.8115703776
 3.0740667309  6.2822666314  0.4186873878
 3.3648148074  5.1033295281 -0.4226652970
 3.0318339870  5.0798580321 -0.6842992187
 3.3277365229  6.1745959157 -0.4522977474
 2.8401660415  6.4110539023  0.6021005696
 3.6167064813  6.3401425956  0.1666901950
 3.0271116014  5.8353044168 -0.0817361040
 3.5845898481  5.9241837657 -0.0424383863
 3.8242804266  5.3430291826  0.0493338744
 3.5167015267  6.0321463622  0.3095891685
 2.7022627422  5.5859139996  0.6590666128
 3.1901678607  6.4787235869  0.7476313163
 3.3657633065  5.7723076532  0.5929696811
 2.9656661265  6.7508279110  0.0892285528
 3.0642455306  6.6400184314 -0.3088886458
 3.3758479564  6.0912355714  0.2393525891
 3.4673113227  5.3234690779  0.3414610352
 2.8161050153  5.1697210920 -0.6929367970
 2.3591864276  5.2066278892 -0.2632356066
 2.8131403964  5.3856160070 -0.7416707868
 3.0613031026  6.8149606170  0.4306693112
 2.5507524888  5.8994253080 -0.4444785436
 3.0298563872  6.0248290928 -0.6777785288
 2.9073562535  5.6164256006  0.1004985593
 3.1241013229  6.2501438905  0.7012820723
 2.2273079680  5.6599026742  0.6515837388
 2.9751230817  5.7647240909  0.2424506733
 3.6611494009  6.9184109088 -0.0779424033
 3.1988480405  7.0830637553 -0.2914889608
 3.0324109649  6.1088628299  0.5160067079
 3.7356752355  6.0199397247 -0.7039216089
 3.1648622231  5.3136052062  0.0266624037
 2.4696512083  5.9245657491  0.7540929085
 2.6779574393  6.8178411298  0.4034816745
 3.1299283055  6.6580341726 -0.5570853943
 2.9599626710  5.3293225233  0.1585498006
 4.1332062153  6.4953938129  0.1162168422
 3.8834554522  6.3000075895 -0.2295592383
 2.2828022336  6.3589282506  0.2191096631
 2.7036892650  5.2764471880 -0.5174820469
 2.6604749382  6.3599143205 -0.9403816538
 2.5019624861  5.4425984543  0.6526468987
 1.4863519497  5.8017536731 -0.8682693999
 2.6495116348  5.5457116520  0.1638577119
 2.4450201348  6.0966871873  0.1222429273
 3.3419580023  5.1882890986 -0.1963498193
 2.6893036734  7.0782404172 -0.1946546366
 2.7010362347  5.6526167367 -1.2566078902
 3.0692285677  5.9664618577 -0.1376042530
 3.5078215887  6.9066971676  0.0978592055
 2.0902299970  6.8594392455  0.5268148989
 3.1354673205  6.5245195465 -0.1805278581
 2.9727741317  5.9935886414 -0.3571483601
 3.6368053405  5.8524335213  0.2308338365
 3.0585877142  5.9780427793 -0.8425006305
 2.0041465287  6.1144809237 -0.0063059242
 3.0240814023  5.5207885638 -0.4740719903
 2.7164366865  5.4921822798  0.5095195405
 2.8707386626  6.1623804688 -0.0859058207
 2.9358304713  6.0532990060 -0.6183723245
 3.3792292293  5.9594925924 -0.2830274807
 4.0766730553  6.2974048326  0.1543965257
 2.6378684460  5.4391349508 -0.9113197229
 3.3658547730  5.6786656368 -0.0783531972
 3.4992773132  6.1673951026 -0.1256741049
 2.4193298732  6.0518938034 -0.0659897739
 3.3254202897  5.5633635812 -0.1345251565
 3.3978519773  6.6088589106  0.1589539658
 3.3627652566  5.4033497767  0.4746488132
 2.9779182629  6.0848838457  0.1728068584
 3.5883719444  6.5292387182 -0.3960327679
 2.6675880902  5.6526616852  0.1026016712
 2.5270197466  7.3816259594  0.0493013220
 2.9985907248  5.1102320076  0.6631057254
 3.5228883467  5.8605053771 -0.1978882451
 2.4519916030  6.3886859865 -0.4523576886
 2.6833070849  5.3100093226  1.0030852859
 2.3222792261  5.9813709525 -0.5555321752
 3.0451461566  6.4818349687 -0.9177006917
 2.5071518367  5.5546694883  0.1938587154
 3.8104585821  6.1896890380  0.4650757028
 3.9110060777  5.6915808095 -0.1902340621
 2.8342547210  6.4276540882 -0.0650026407
 3.4096503924  5.5910454716  0.2884701411
 2.9902561558  5.4203670637 -0.3981922403
 3.8424180065  5.8499115725 -0.1022960504
 2.5278804477  5.9748032479 -0.4048678821
 2.8835237701  5.9863298613 -0.7208499289
 3.2389888331  6.9161674519  0.6155562579
 2.9412507406  6.9927772751  0.5393748738
 3.3475594226  6.3313635153 -0.1893252301
 2.7090822455  5.9308709847  0.3916531526
 2.8912250187  6.2119751001  0.0069597382
 3.3449445205  5.4718637590 -0.4142949643
 2.3634868349  5.7182006867  0.1306087589
 3.1132742773  5.8049531389  0.1944769980
 2.2354242745  5.3579902343  0.2434552146
 3.3616915967  5.8389753444 -0.4428305273
 2.0848068670  6.4070759491 -0.7775653838
